0.999999983 0.000186228 -0.199146478 -0.000186228 0.999999983 20.667453345 0.000000000 0.000000000 1.000000000 1
0.999999989 0.000150413 -0.507881154 -0.000150413 0.999999989 41.356856647 0.000000000 0.000000000 1.000000000 2
0.999999994 0.000111110 -0.458557456 -0.000111110 0.999999994 62.134956746 0.000000000 0.000000000 1.000000000 3
0.999999945 0.000330935 -0.712224230 -0.000330935 0.999999945 82.678924209 0.000000000 0.000000000 1.000000000 4
0.999999954 0.000303304 -1.029207792 -0.000303304 0.999999954 103.190355487 0.000000000 0.000000000 1.000000000 5
0.999999915 0.000412584 -1.281376936 -0.000412584 0.999999915 123.582126559 0.000000000 0.000000000 1.000000000 6
0.999999835 0.000574224 -1.664206383 -0.000574224 0.999999835 143.868944653 0.000000000 0.000000000 1.000000000 7
0.999999866 0.000516959 -1.734133807 -0.000516959 0.999999866 164.344320031 0.000000000 0.000000000 1.000000000 8
0.999999646 0.000841973 -2.179070634 -0.000841973 0.999999646 184.364736020 0.000000000 0.000000000 1.000000000 9
0.999999525 0.000974506 -2.450410546 -0.000974506 0.999999525 204.574624712 0.000000000 0.000000000 1.000000000 10
0.999999596 0.000898843 -2.638155760 -0.000898843 0.999999596 224.823571280 0.000000000 0.000000000 1.000000000 11
0.999999404 0.001091982 -3.012934743 -0.001091982 0.999999404 244.848461832 0.000000000 0.000000000 1.000000000 12
0.999999288 0.001192939 -3.840128316 -0.001192939 0.999999288 264.437961315 0.000000000 0.000000000 1.000000000 13
0.999999608 0.000885616 -3.877713120 -0.000885616 0.999999608 284.578352170 0.000000000 0.000000000 1.000000000 14
0.999999247 0.001227470 -4.208425390 -0.001227470 0.999999247 304.396308525 0.000000000 0.000000000 1.000000000 15
0.999999035 0.001389535 -4.582749093 -0.001389535 0.999999035 324.129919172 0.000000000 0.000000000 1.000000000 16
0.999999034 0.001390234 -4.961908416 -0.001390234 0.999999034 344.119776960 0.000000000 0.000000000 1.000000000 17
0.999998357 0.001812717 -5.633623024 -0.001812717 0.999998357 363.469213937 0.000000000 0.000000000 1.000000000 18
0.999997266 0.002338178 -5.306658630 -0.002338178 0.999997266 383.860937193 0.000000000 0.000000000 1.000000000 19
0.999997019 0.002441769 -5.577302510 -0.002441769 0.999997019 403.661335753 0.000000000 0.000000000 1.000000000 20
0.999995641 0.002952742 -5.615935879 -0.002952742 0.999995641 423.588778992 0.000000000 0.000000000 1.000000000 21
0.999995924 0.002855140 -5.248441884 -0.002855140 0.999995924 443.989954031 0.000000000 0.000000000 1.000000000 22
0.999996734 0.002555910 -5.346944875 -0.002555910 0.999996734 463.922497395 0.000000000 0.000000000 1.000000000 23
0.999997635 0.002174894 -5.009097351 -0.002174894 0.999997635 484.250853601 0.000000000 0.000000000 1.000000000 24
0.999994770 0.003234181 -5.683164395 -0.003234181 0.999994770 502.798576629 0.000000000 0.000000000 1.000000000 25
0.999994488 0.003320359 -5.484710966 -0.003320359 0.999994488 522.545526469 0.000000000 0.000000000 1.000000000 26
0.999995848 0.002881513 -5.159258750 -0.002881513 0.999995848 542.563296090 0.000000000 0.000000000 1.000000000 27
0.999996841 0.002513657 -4.288834866 -0.002513657 0.999996841 563.096972158 0.000000000 0.000000000 1.000000000 28
0.999997483 0.002243703 -4.191967148 -0.002243703 0.999997483 582.814150655 0.000000000 0.000000000 1.000000000 29
0.999998206 0.001894069 -3.959540620 -0.001894069 0.999998206 602.558118560 0.000000000 0.000000000 1.000000000 30
0.999998889 0.001490956 -3.856062890 -0.001490956 0.999998889 622.248362036 0.000000000 0.000000000 1.000000000 31
0.999999439 0.001059080 -3.656359828 -0.001059080 0.999999439 641.978197546 0.000000000 0.000000000 1.000000000 32
0.999999843 0.000559738 -3.596230385 -0.000559738 0.999999843 661.713941719 0.000000000 0.000000000 1.000000000 33
0.999999970 0.000245804 -3.579934561 -0.000245804 0.999999970 681.292855111 0.000000000 0.000000000 1.000000000 34
0.999999783 -0.000658483 -3.382448080 0.000658483 0.999999783 701.155252770 0.000000000 0.000000000 1.000000000 35
0.999999934 0.000364200 -4.479056320 -0.000364200 0.999999934 719.116555165 0.000000000 0.000000000 1.000000000 36
0.999999942 -0.000341700 -4.362577572 0.000341700 0.999999942 738.853028036 0.000000000 0.000000000 1.000000000 37
0.999999998 0.000067020 -4.279673847 -0.000067020 0.999999998 757.749922550 0.000000000 0.000000000 1.000000000 38
0.999999241 -0.001232178 -3.889483512 0.001232178 0.999999241 777.929019250 0.000000000 0.000000000 1.000000000 39
0.999996147 -0.002776027 -3.582612020 0.002776027 0.999996147 798.213625414 0.000000000 0.000000000 1.000000000 40
0.999991268 -0.004178903 -3.161814671 0.004178903 0.999991268 818.550912482 0.000000000 0.000000000 1.000000000 41
0.999985848 -0.005320072 -2.911071076 0.005320072 0.999985848 838.798692489 0.000000000 0.000000000 1.000000000 42
0.999977888 -0.006650025 -2.758062382 0.006650025 0.999977888 859.081849112 0.000000000 0.000000000 1.000000000 43
0.999970780 -0.007644602 -2.743737254 0.007644602 0.999970780 879.290993667 0.000000000 0.000000000 1.000000000 44
0.999958606 -0.009098737 -2.690314419 0.009098737 0.999958606 899.609447367 0.000000000 0.000000000 1.000000000 45
0.999943033 -0.010673830 -2.602897388 0.010673830 0.999943033 920.072957398 0.000000000 0.000000000 1.000000000 46
0.999924487 -0.012289021 -2.467201067 0.012289021 0.999924487 940.648413741 0.000000000 0.000000000 1.000000000 47
0.999909505 -0.013452930 -2.618042734 0.013452930 0.999909505 960.879898727 0.000000000 0.000000000 1.000000000 48
0.999892825 -0.014640319 -2.655713364 0.014640319 0.999892825 981.034343170 0.000000000 0.000000000 1.000000000 49
0.999874071 -0.015869534 -2.996647332 0.015869534 0.999874071 1001.059510127 0.000000000 0.000000000 1.000000000 50
0.999857001 -0.016910879 -3.323827878 0.016910879 0.999857001 1021.201584016 0.000000000 0.000000000 1.000000000 51
0.999844454 -0.017637105 -3.720374706 0.017637105 0.999844454 1041.052538348 0.000000000 0.000000000 1.000000000 52
0.999823117 -0.018807817 -3.871146697 0.018807817 0.999823117 1061.318403621 0.000000000 0.000000000 1.000000000 53
0.999811039 -0.019439286 -4.671399508 0.019439286 0.999811039 1080.611028656 0.000000000 0.000000000 1.000000000 54
0.999796353 -0.020180475 -5.286678878 0.020180475 0.999796353 1100.252018333 0.000000000 0.000000000 1.000000000 55
0.999779309 -0.021007933 -5.743181165 0.021007933 0.999779309 1119.941464109 0.000000000 0.000000000 1.000000000 56
0.999769574 -0.021466212 -6.562339766 0.021466212 0.999769574 1139.146805060 0.000000000 0.000000000 1.000000000 57
0.999754123 -0.022174171 -6.963746784 0.022174171 0.999754123 1158.837716041 0.000000000 0.000000000 1.000000000 58
0.999743972 -0.022627219 -7.757826971 0.022627219 0.999743972 1178.161131430 0.000000000 0.000000000 1.000000000 59
0.999735474 -0.022999607 -8.957988585 0.022999607 0.999735474 1197.301141298 0.000000000 0.000000000 1.000000000 60
0.999718939 -0.023707449 -9.622733128 0.023707449 0.999718939 1216.593224804 0.000000000 0.000000000 1.000000000 61
0.999709585 -0.024098666 -10.482199501 0.024098666 0.999709585 1235.793055987 0.000000000 0.000000000 1.000000000 62
0.999702207 -0.024402801 -11.175874078 0.024402801 0.999702207 1254.931070472 0.000000000 0.000000000 1.000000000 63
0.999688559 -0.024955669 -12.025480221 0.024955669 0.999688559 1274.019637156 0.000000000 0.000000000 1.000000000 64
0.999680570 -0.025273680 -12.822925396 0.025273680 0.999680570 1292.971319295 0.000000000 0.000000000 1.000000000 65
0.999676485 -0.025434717 -13.682899631 0.025434717 0.999676485 1311.890862203 0.000000000 0.000000000 1.000000000 66
0.999674266 -0.025521786 -14.679166741 0.025521786 0.999674266 1330.673814532 0.000000000 0.000000000 1.000000000 67
0.999665350 -0.025868653 -15.368999321 0.025868653 0.999665350 1349.675558786 0.000000000 0.000000000 1.000000000 68
0.999666087 -0.025840166 -16.325235799 0.025840166 0.999666087 1368.223216294 0.000000000 0.000000000 1.000000000 69
0.999653914 -0.026306900 -17.213980157 0.026306900 0.999653914 1387.132812059 0.000000000 0.000000000 1.000000000 70
0.999648901 -0.026496706 -18.012169159 0.026496706 0.999648901 1405.763643042 0.000000000 0.000000000 1.000000000 71
0.999643782 -0.026689129 -18.802778754 0.026689129 0.999643782 1424.522976319 0.000000000 0.000000000 1.000000000 72
0.999643563 -0.026697309 -19.539277551 0.026697309 0.999643563 1443.041078286 0.000000000 0.000000000 1.000000000 73
0.999642595 -0.026733534 -20.355625114 0.026733534 0.999642595 1461.405391993 0.000000000 0.000000000 1.000000000 74
0.999641694 -0.026767213 -21.082466897 0.026767213 0.999641694 1479.733172425 0.000000000 0.000000000 1.000000000 75
0.999639966 -0.026831655 -21.798869242 0.026831655 0.999639966 1498.102361173 0.000000000 0.000000000 1.000000000 76
0.999634091 -0.027049673 -22.504789978 0.027049673 0.999634091 1516.301554806 0.000000000 0.000000000 1.000000000 77
0.999634022 -0.027052222 -23.216036123 0.027052222 0.999634022 1534.472792639 0.000000000 0.000000000 1.000000000 78
0.999636841 -0.026947841 -23.952783783 0.026947841 0.999636841 1552.487023650 0.000000000 0.000000000 1.000000000 79
0.999632080 -0.027123859 -24.778287663 0.027123859 0.999632080 1570.499543591 0.000000000 0.000000000 1.000000000 80
0.999618340 -0.027625607 -25.255609801 0.027625607 0.999618340 1588.968563720 0.000000000 0.000000000 1.000000000 81
0.999616484 -0.027692690 -25.989022055 0.027692690 0.999616484 1606.852969273 0.000000000 0.000000000 1.000000000 82
0.999620428 -0.027549967 -26.677275715 0.027549967 0.999620428 1624.597262293 0.000000000 0.000000000 1.000000000 83
0.999620538 -0.027545944 -27.366449230 0.027545944 0.999620538 1642.366074370 0.000000000 0.000000000 1.000000000 84
0.999624077 -0.027417215 -28.177433708 0.027417215 0.999624077 1659.996277775 0.000000000 0.000000000 1.000000000 85
0.999622558 -0.027472548 -28.824109353 0.027472548 0.999622558 1677.746049919 0.000000000 0.000000000 1.000000000 86
0.999625567 -0.027362852 -29.614007041 0.027362852 0.999625567 1695.180655179 0.000000000 0.000000000 1.000000000 87
0.999621137 -0.027524232 -30.207360224 0.027524232 0.999621137 1712.879786145 0.000000000 0.000000000 1.000000000 88
0.999617927 -0.027640550 -30.840511780 0.027640550 0.999617927 1730.411102187 0.000000000 0.000000000 1.000000000 89
0.999611831 -0.027860152 -31.319145969 0.027860152 0.999611831 1748.039079743 0.000000000 0.000000000 1.000000000 90
0.999608916 -0.027964537 -31.889228372 0.027964537 0.999608916 1765.445734939 0.000000000 0.000000000 1.000000000 91
0.999597751 -0.028360837 -32.393075568 0.028360837 0.999597751 1783.006083022 0.000000000 0.000000000 1.000000000 92
0.999588556 -0.028683078 -32.865943139 0.028683078 0.999588556 1800.426502756 0.000000000 0.000000000 1.000000000 93
0.999582361 -0.028898142 -33.502424683 0.028898142 0.999582361 1817.622458687 0.000000000 0.000000000 1.000000000 94
0.999571383 -0.029275406 -34.013795133 0.029275406 0.999571383 1834.967131410 0.000000000 0.000000000 1.000000000 95
0.999565729 -0.029467852 -34.370324899 0.029467852 0.999565729 1852.346370013 0.000000000 0.000000000 1.000000000 96
0.999552800 -0.029903169 -34.850528322 0.029903169 0.999552800 1869.622608817 0.000000000 0.000000000 1.000000000 97
0.999543950 -0.030197543 -35.411396902 0.030197543 0.999543950 1886.742090404 0.000000000 0.000000000 1.000000000 98
0.999537497 -0.030410395 -35.903463191 0.030410395 0.999537497 1903.839100959 0.000000000 0.000000000 1.000000000 99
0.999526650 -0.030764861 -36.455053365 0.030764861 0.999526650 1920.883146190 0.000000000 0.000000000 1.000000000 100
0.999508418 -0.031351582 -36.863588261 0.031351582 0.999508418 1938.162944392 0.000000000 0.000000000 1.000000000 101
0.999498680 -0.031660524 -37.245470249 0.031660524 0.999498680 1955.249187766 0.000000000 0.000000000 1.000000000 102
0.999489913 -0.031936084 -37.817052019 0.031936084 0.999489913 1972.209098394 0.000000000 0.000000000 1.000000000 103
0.999483934 -0.032122651 -38.356530459 0.032122651 0.999483934 1989.100067781 0.000000000 0.000000000 1.000000000 104
0.999474312 -0.032420656 -38.882431650 0.032420656 0.999474312 2005.994635474 0.000000000 0.000000000 1.000000000 105
0.999468392 -0.032602664 -39.402310961 0.032602664 0.999468392 2022.822209658 0.000000000 0.000000000 1.000000000 106
0.999464979 -0.032707109 -39.918678569 0.032707109 0.999464979 2039.577932364 0.000000000 0.000000000 1.000000000 107
0.999463514 -0.032751864 -40.483155389 0.032751864 0.999463514 2056.145416663 0.000000000 0.000000000 1.000000000 108
0.999453319 -0.033061510 -40.970577076 0.033061510 0.999453319 2072.870765843 0.000000000 0.000000000 1.000000000 109
0.999443948 -0.033343582 -41.332052573 0.033343582 0.999443948 2089.621069907 0.000000000 0.000000000 1.000000000 110
0.999444826 -0.033317245 -41.841784929 0.033317245 0.999444826 2106.098437413 0.000000000 0.000000000 1.000000000 111
0.999455310 -0.033001267 -42.296526451 0.033001267 0.999455310 2122.346910732 0.000000000 0.000000000 1.000000000 112
0.999451845 -0.033106048 -42.830412471 0.033106048 0.999451845 2138.735206165 0.000000000 0.000000000 1.000000000 113
0.999451924 -0.033103643 -43.384123582 0.033103643 0.999451924 2154.849918442 0.000000000 0.000000000 1.000000000 114
0.999446774 -0.033258766 -43.654729972 0.033258766 0.999446774 2171.130674658 0.000000000 0.000000000 1.000000000 115
0.999449987 -0.033162092 -44.075231646 0.033162092 0.999449987 2187.212301367 0.000000000 0.000000000 1.000000000 116
0.999442662 -0.033382112 -44.691819921 0.033382112 0.999442662 2203.196543871 0.000000000 0.000000000 1.000000000 117
0.999444325 -0.033332291 -45.355777548 0.033332291 0.999444325 2218.976042301 0.000000000 0.000000000 1.000000000 118
0.999447308 -0.033242708 -46.088081080 0.033242708 0.999447308 2234.566286419 0.000000000 0.000000000 1.000000000 119
0.999448931 -0.033193904 -46.716624835 0.033193904 0.999448931 2250.258485503 0.000000000 0.000000000 1.000000000 120
0.999448056 -0.033220222 -46.959448259 0.033220222 0.999448056 2266.040621615 0.000000000 0.000000000 1.000000000 121
0.999448265 -0.033213933 -47.563121746 0.033213933 0.999448265 2281.591707986 0.000000000 0.000000000 1.000000000 122
0.999452914 -0.033073758 -48.177877428 0.033073758 0.999452914 2296.971607909 0.000000000 0.000000000 1.000000000 123
0.999457890 -0.032923036 -48.771506674 0.032923036 0.999457890 2312.293528404 0.000000000 0.000000000 1.000000000 124
0.999461175 -0.032823146 -49.365253328 0.032823146 0.999461175 2327.499883799 0.000000000 0.000000000 1.000000000 125
0.999463658 -0.032747457 -49.664989887 0.032747457 0.999463658 2342.638747227 0.000000000 0.000000000 1.000000000 126
0.999471167 -0.032517492 -50.256658024 0.032517492 0.999471167 2357.728752596 0.000000000 0.000000000 1.000000000 127
0.999479770 -0.032251952 -50.877370749 0.032251952 0.999479770 2372.573394038 0.000000000 0.000000000 1.000000000 128
0.999485557 -0.032072127 -51.399676503 0.032072127 0.999485557 2387.434547083 0.000000000 0.000000000 1.000000000 129
0.999491585 -0.031883719 -52.019052929 0.031883719 0.999491585 2402.090746764 0.000000000 0.000000000 1.000000000 130
0.999498068 -0.031679842 -52.525434341 0.031679842 0.999498068 2416.665044813 0.000000000 0.000000000 1.000000000 131
0.999503683 -0.031502184 -53.097742046 0.031502184 0.999503683 2431.108351294 0.000000000 0.000000000 1.000000000 132
0.999507118 -0.031392997 -53.601448262 0.031392997 0.999507118 2445.475048729 0.000000000 0.000000000 1.000000000 133
0.999512423 -0.031223661 -54.172438963 0.031223661 0.999512423 2459.706464888 0.000000000 0.000000000 1.000000000 134
0.999511580 -0.031250639 -54.670370501 0.031250639 0.999511580 2473.892419946 0.000000000 0.000000000 1.000000000 135
0.999512192 -0.031231045 -55.132477389 0.031231045 0.999512192 2487.959540246 0.000000000 0.000000000 1.000000000 136
0.999513584 -0.031186450 -55.568329217 0.031186450 0.999513584 2501.824769147 0.000000000 0.000000000 1.000000000 137
0.999514472 -0.031158003 -56.051273362 0.031158003 0.999514472 2515.638688097 0.000000000 0.000000000 1.000000000 138
0.999518606 -0.031025101 -56.360360254 0.031025101 0.999518606 2529.296641487 0.000000000 0.000000000 1.000000000 139
0.999524281 -0.030841712 -56.836888947 0.030841712 0.999524281 2542.492472486 0.000000000 0.000000000 1.000000000 140
0.999521262 -0.030939398 -57.033693710 0.030939398 0.999521262 2555.934526512 0.000000000 0.000000000 1.000000000 141
0.999525090 -0.030815485 -57.465792092 0.030815485 0.999525090 2568.931634666 0.000000000 0.000000000 1.000000000 142
0.999529869 -0.030660090 -58.030011294 0.030660090 0.999529869 2581.800652183 0.000000000 0.000000000 1.000000000 143
0.999527503 -0.030737114 -58.221856265 0.030737114 0.999527503 2594.731297074 0.000000000 0.000000000 1.000000000 144
0.999532459 -0.030575535 -58.591224966 0.030575535 0.999532459 2607.296102085 0.000000000 0.000000000 1.000000000 145
0.999526986 -0.030753943 -58.924153480 0.030753943 0.999526986 2619.863590265 0.000000000 0.000000000 1.000000000 146
0.999531689 -0.030600704 -59.276480284 0.030600704 0.999531689 2632.059669364 0.000000000 0.000000000 1.000000000 147
0.999530213 -0.030648859 -59.587774305 0.030648859 0.999530213 2644.212186904 0.000000000 0.000000000 1.000000000 148
0.999527868 -0.030725253 -60.826601316 0.030725253 0.999527868 2656.499739589 0.000000000 0.000000000 1.000000000 149
0.999502058 -0.031553716 -63.727538683 0.031553716 0.999502058 2669.042876859 0.000000000 0.000000000 1.000000000 150
0.999460829 -0.032833704 -68.574007271 0.032833704 0.999460829 2681.841431907 0.000000000 0.000000000 1.000000000 151
0.999411575 -0.034300205 -75.455277409 0.034300205 0.999411575 2694.639172746 0.000000000 0.000000000 1.000000000 152
0.999318021 -0.036925506 -83.775914547 0.036925506 0.999318021 2708.214460738 0.000000000 0.000000000 1.000000000 153
0.999208382 -0.039782013 -94.003728778 0.039782013 0.999208382 2721.765102663 0.000000000 0.000000000 1.000000000 154
0.999075084 -0.042999736 -105.738042647 0.042999736 0.999075084 2735.552077852 0.000000000 0.000000000 1.000000000 155
0.998887945 -0.047147355 -119.245182853 0.047147355 0.998887945 2749.943496779 0.000000000 0.000000000 1.000000000 156
0.998659190 -0.051766998 -134.222912278 0.051766998 0.998659190 2764.570520023 0.000000000 0.000000000 1.000000000 157
0.998384820 -0.056813298 -150.867925409 0.056813298 0.998384820 2779.408220385 0.000000000 0.000000000 1.000000000 158
0.998011866 -0.063026312 -168.094826077 0.063026312 0.998011866 2795.067273084 0.000000000 0.000000000 1.000000000 159
0.997598729 -0.069258766 -188.257612856 0.069258766 0.997598729 2810.488450060 0.000000000 0.000000000 1.000000000 160
0.997161287 -0.075295208 -210.129640246 0.075295208 0.997161287 2825.460941263 0.000000000 0.000000000 1.000000000 161
0.996614167 -0.082220445 -233.178439529 0.082220445 0.996614167 2841.291171986 0.000000000 0.000000000 1.000000000 162
0.995950619 -0.089901972 -258.200707513 0.089901972 0.995950619 2857.242285464 0.000000000 0.000000000 1.000000000 163
0.995111869 -0.098754078 -282.875490243 0.098754078 0.995111869 2874.287508487 0.000000000 0.000000000 1.000000000 164
0.994266389 -0.106931508 -310.798747976 0.106931508 0.994266389 2890.380742795 0.000000000 0.000000000 1.000000000 165
0.993280854 -0.115728761 -339.600895755 0.115728761 0.993280854 2906.839220116 0.000000000 0.000000000 1.000000000 166
0.992176276 -0.124844857 -370.660192379 0.124844857 0.992176276 2923.214691635 0.000000000 0.000000000 1.000000000 167
0.990977820 -0.134025972 -403.590626655 0.134025972 0.990977820 2939.297972056 0.000000000 0.000000000 1.000000000 168
0.989608113 -0.143790758 -438.062530794 0.143790758 0.989608113 2955.560470154 0.000000000 0.000000000 1.000000000 169
0.988104884 -0.153781463 -474.213730498 0.153781463 0.988104884 2971.570648010 0.000000000 0.000000000 1.000000000 170
0.986339047 -0.164727909 -510.957986833 0.164727909 0.986339047 2988.413594520 0.000000000 0.000000000 1.000000000 171
0.984525501 -0.175241369 -549.702407861 0.175241369 0.984525501 3004.606846468 0.000000000 0.000000000 1.000000000 172
0.982433897 -0.186610925 -589.495697281 0.186610925 0.982433897 3021.228729379 0.000000000 0.000000000 1.000000000 173
0.980060566 -0.198698988 -630.011360649 0.198698988 0.980060566 3038.239584900 0.000000000 0.000000000 1.000000000 174
0.977585342 -0.210539541 -672.865874121 0.210539541 0.977585342 3054.781728638 0.000000000 0.000000000 1.000000000 175
0.974963570 -0.222364651 -717.490085235 0.222364651 0.974963570 3070.691638898 0.000000000 0.000000000 1.000000000 176
0.972194981 -0.234172838 -763.452939454 0.234172838 0.972194981 3086.451145053 0.000000000 0.000000000 1.000000000 177
0.969043405 -0.246890421 -810.401213026 0.246890421 0.969043405 3102.651725568 0.000000000 0.000000000 1.000000000 178
0.965663224 -0.259797108 -858.681709758 0.259797108 0.965663224 3118.617259624 0.000000000 0.000000000 1.000000000 179
0.962032478 -0.272934994 -908.135722262 0.272934994 0.962032478 3134.469377221 0.000000000 0.000000000 1.000000000 180
0.958121150 -0.286363164 -958.810154505 0.286363164 0.958121150 3150.344128075 0.000000000 0.000000000 1.000000000 181
0.953882707 -0.300179581 -1010.790161348 0.300179581 0.953882707 3166.008800748 0.000000000 0.000000000 1.000000000 182
0.949524658 -0.313692405 -1063.914096776 0.313692405 0.949524658 3181.306065750 0.000000000 0.000000000 1.000000000 183
0.944868908 -0.327448845 -1118.190831963 0.327448845 0.944868908 3196.246126773 0.000000000 0.000000000 1.000000000 184
0.939689285 -0.342029307 -1173.307755808 0.342029307 0.939689285 3211.439054350 0.000000000 0.000000000 1.000000000 185
0.934395625 -0.356237022 -1230.039038027 0.356237022 0.934395625 3225.876715874 0.000000000 0.000000000 1.000000000 186
0.928634175 -0.370996725 -1287.608372630 0.370996725 0.928634175 3240.244142863 0.000000000 0.000000000 1.000000000 187
0.923187914 -0.384348898 -1346.177286815 0.384348898 0.923187914 3254.124983010 0.000000000 0.000000000 1.000000000 188
0.916882939 -0.399156206 -1405.542533549 0.399156206 0.916882939 3268.737304743 0.000000000 0.000000000 1.000000000 189
0.910391135 -0.413748693 -1465.928076904 0.413748693 0.910391135 3282.331363462 0.000000000 0.000000000 1.000000000 190
0.903452417 -0.428688384 -1527.271122351 0.428688384 0.903452417 3295.518398941 0.000000000 0.000000000 1.000000000 191
0.896220312 -0.443609233 -1589.557252853 0.443609233 0.896220312 3308.117773071 0.000000000 0.000000000 1.000000000 192
0.888619620 -0.458644930 -1652.512931838 0.458644930 0.888619620 3320.728824426 0.000000000 0.000000000 1.000000000 193
0.880781276 -0.473523329 -1716.132900279 0.473523329 0.880781276 3333.134172585 0.000000000 0.000000000 1.000000000 194
0.872573122 -0.488483518 -1780.789788205 0.488483518 0.872573122 3344.979563528 0.000000000 0.000000000 1.000000000 195
0.864214710 -0.503123180 -1846.229761838 0.503123180 0.864214710 3356.157655647 0.000000000 0.000000000 1.000000000 196
0.855447943 -0.517888808 -1912.598295546 0.517888808 0.855447943 3366.660242570 0.000000000 0.000000000 1.000000000 197
0.846220725 -0.532832511 -1979.344604131 0.532832511 0.846220725 3377.316238252 0.000000000 0.000000000 1.000000000 198
0.836893161 -0.547366273 -2046.472122030 0.547366273 0.836893161 3387.465618453 0.000000000 0.000000000 1.000000000 199
0.827136020 -0.562001783 -2114.341972350 0.562001783 0.827136020 3397.198935089 0.000000000 0.000000000 1.000000000 200
0.817177608 -0.576385945 -2182.712318841 0.576385945 0.817177608 3406.619955987 0.000000000 0.000000000 1.000000000 201
0.807113371 -0.590396482 -2251.526762597 0.590396482 0.807113371 3415.456605922 0.000000000 0.000000000 1.000000000 202
0.796121658 -0.605136601 -2320.830146732 0.605136601 0.796121658 3423.884849910 0.000000000 0.000000000 1.000000000 203
0.785088763 -0.619383269 -2390.643744874 0.619383269 0.785088763 3431.661419670 0.000000000 0.000000000 1.000000000 204
0.773672253 -0.633586020 -2460.758828275 0.633586020 0.773672253 3438.984862934 0.000000000 0.000000000 1.000000000 205
0.762191267 -0.647351892 -2531.252143828 0.647351892 0.762191267 3445.378854841 0.000000000 0.000000000 1.000000000 206
0.750351809 -0.661038700 -2601.659351619 0.661038700 0.750351809 3451.758461168 0.000000000 0.000000000 1.000000000 207
0.738034488 -0.674762991 -2672.496488033 0.674762991 0.738034488 3457.796389834 0.000000000 0.000000000 1.000000000 208
0.725286576 -0.688447081 -2743.541321152 0.688447081 0.725286576 3463.229961270 0.000000000 0.000000000 1.000000000 209
0.712695468 -0.701473570 -2814.905142194 0.701473570 0.712695468 3468.096232455 0.000000000 0.000000000 1.000000000 210
0.699475034 -0.714657034 -2886.338600318 0.714657034 0.699475034 3472.481791970 0.000000000 0.000000000 1.000000000 211
0.686019122 -0.727583510 -2957.891317672 0.727583510 0.686019122 3476.433665440 0.000000000 0.000000000 1.000000000 212
0.672269857 -0.740306180 -3029.584334850 0.740306180 0.672269857 3479.918253590 0.000000000 0.000000000 1.000000000 213
0.658466689 -0.752609872 -3101.276748130 0.752609872 0.658466689 3482.604336041 0.000000000 0.000000000 1.000000000 214
0.644459838 -0.764638161 -3173.060303166 0.764638161 0.644459838 3484.716859400 0.000000000 0.000000000 1.000000000 215
0.630335288 -0.776323015 -3244.733345224 0.776323015 0.630335288 3486.489315408 0.000000000 0.000000000 1.000000000 216
0.615866965 -0.787850164 -3316.398497956 0.787850164 0.615866965 3488.009296539 0.000000000 0.000000000 1.000000000 217
0.601176588 -0.799116205 -3388.090904306 0.799116205 0.601176588 3488.621620961 0.000000000 0.000000000 1.000000000 218
0.586549390 -0.809913460 -3459.568737608 0.809913460 0.586549390 3488.599539659 0.000000000 0.000000000 1.000000000 219
0.570201542 -0.821504840 -3531.267088248 0.821504840 0.570201542 3488.294368450 0.000000000 0.000000000 1.000000000 220
0.555495333 -0.831519654 -3602.370470662 0.831519654 0.555495333 3486.343962807 0.000000000 0.000000000 1.000000000 221
0.540416818 -0.841397446 -3673.246849040 0.841397446 0.540416818 3484.164402158 0.000000000 0.000000000 1.000000000 222
0.525034666 -0.851080842 -3743.940798936 0.851080842 0.525034666 3481.546858560 0.000000000 0.000000000 1.000000000 223
0.509707267 -0.860347896 -3814.239304849 0.860347896 0.509707267 3478.164481949 0.000000000 0.000000000 1.000000000 224
0.494073171 -0.869420325 -3884.381371641 0.869420325 0.494073171 3474.301409714 0.000000000 0.000000000 1.000000000 225
0.478426152 -0.878127791 -3953.930582414 0.878127791 0.478426152 3470.136245493 0.000000000 0.000000000 1.000000000 226
0.462808000 -0.886458547 -4023.146957992 0.886458547 0.462808000 3465.081592759 0.000000000 0.000000000 1.000000000 227
0.447065273 -0.894501337 -4091.775008069 0.894501337 0.447065273 3459.030629098 0.000000000 0.000000000 1.000000000 228
0.431096808 -0.902305681 -4160.319574893 0.902305681 0.431096808 3453.307328675 0.000000000 0.000000000 1.000000000 229
0.415225516 -0.909718512 -4228.165280182 0.909718512 0.415225516 3448.048139834 0.000000000 0.000000000 1.000000000 230
0.400147090 -0.916450929 -4295.226473185 0.916450929 0.400147090 3441.610247955 0.000000000 0.000000000 1.000000000 231
0.384422198 -0.923157394 -4361.721270332 0.923157394 0.384422198 3434.406410883 0.000000000 0.000000000 1.000000000 232
0.369836369 -0.929096906 -4427.226049430 0.929096906 0.369836369 3425.420261987 0.000000000 0.000000000 1.000000000 233
0.355177942 -0.934798711 -4492.061564476 0.934798711 0.355177942 3416.489674985 0.000000000 0.000000000 1.000000000 234
0.340641214 -0.940193365 -4556.179616068 0.940193365 0.340641214 3406.762085624 0.000000000 0.000000000 1.000000000 235
0.327518056 -0.944844920 -4618.812416032 0.944844920 0.327518056 3396.268268647 0.000000000 0.000000000 1.000000000 236
0.312984589 -0.949758204 -4682.125511370 0.949758204 0.312984589 3387.516127409 0.000000000 0.000000000 1.000000000 237
0.298729689 -0.954337767 -4744.424818065 0.954337767 0.298729689 3376.906861215 0.000000000 0.000000000 1.000000000 238
0.285041461 -0.958515188 -4805.634832379 0.958515188 0.285041461 3365.471889312 0.000000000 0.000000000 1.000000000 239
0.271903293 -0.962324581 -4866.095143506 0.962324581 0.271903293 3354.164867112 0.000000000 0.000000000 1.000000000 240
0.258409375 -0.966035504 -4925.616608411 0.966035504 0.258409375 3342.025427057 0.000000000 0.000000000 1.000000000 241
0.245312980 -0.969443934 -4983.922873398 0.969443934 0.245312980 3329.240270611 0.000000000 0.000000000 1.000000000 242
0.232774352 -0.972530771 -5041.264807085 0.972530771 0.232774352 3315.919762680 0.000000000 0.000000000 1.000000000 243
0.220621905 -0.975359408 -5097.547485077 0.975359408 0.220621905 3302.354305420 0.000000000 0.000000000 1.000000000 244
0.208859710 -0.977945613 -5152.431026644 0.977945613 0.208859710 3288.320633698 0.000000000 0.000000000 1.000000000 245
0.196665057 -0.980470731 -5207.710549252 0.980470731 0.196665057 3273.809798244 0.000000000 0.000000000 1.000000000 246
0.186144964 -0.982522291 -5260.453584109 0.982522291 0.186144964 3258.190640734 0.000000000 0.000000000 1.000000000 247
0.174693309 -0.984622896 -5311.732327532 0.984622896 0.174693309 3242.282200060 0.000000000 0.000000000 1.000000000 248
0.164207193 -0.986425870 -5362.796870435 0.986425870 0.164207193 3226.859508256 0.000000000 0.000000000 1.000000000 249
0.153371544 -0.988168594 -5413.092363947 0.988168594 0.153371544 3211.458705568 0.000000000 0.000000000 1.000000000 250
0.144413880 -0.989517373 -5461.814786951 0.989517373 0.144413880 3195.474737403 0.000000000 0.000000000 1.000000000 251
0.135760355 -0.990741705 -5509.437809774 0.990741705 0.135760355 3179.042670066 0.000000000 0.000000000 1.000000000 252
0.127848227 -0.991793744 -5556.490000005 0.991793744 0.127848227 3162.657859576 0.000000000 0.000000000 1.000000000 253
0.119695247 -0.992810681 -5601.575255444 0.992810681 0.119695247 3145.905052669 0.000000000 0.000000000 1.000000000 254
0.112234691 -0.993681727 -5646.679636356 0.993681727 0.112234691 3129.172977642 0.000000000 0.000000000 1.000000000 255
0.104145241 -0.994562099 -5690.381520120 0.994562099 0.104145241 3112.222924416 0.000000000 0.000000000 1.000000000 256
0.096741127 -0.995309577 -5732.747466240 0.995309577 0.096741127 3094.808870990 0.000000000 0.000000000 1.000000000 257
0.089383899 -0.995997248 -5773.871644992 0.995997248 0.089383899 3077.367139610 0.000000000 0.000000000 1.000000000 258
0.082220709 -0.996614145 -5814.544860503 0.996614145 0.082220709 3059.191556006 0.000000000 0.000000000 1.000000000 259
0.074789882 -0.997199315 -5855.584103155 0.997199315 0.074789882 3040.154267978 0.000000000 0.000000000 1.000000000 260
0.067118154 -0.997745034 -5897.024320792 0.997745034 0.067118154 3020.245836959 0.000000000 0.000000000 1.000000000 261
0.059117340 -0.998251041 -5938.783637991 0.998251041 0.059117340 2999.816150199 0.000000000 0.000000000 1.000000000 262
0.050726727 -0.998712571 -5981.023305037 0.998712571 0.050726727 2978.549181870 0.000000000 0.000000000 1.000000000 263
0.042174748 -0.999110249 -6023.377672470 0.999110249 0.042174748 2956.391613398 0.000000000 0.000000000 1.000000000 264
0.033736875 -0.999430750 -6065.956128499 0.999430750 0.033736875 2933.561937348 0.000000000 0.000000000 1.000000000 265
0.025003591 -0.999687361 -6108.960730841 0.999687361 0.025003591 2910.018649242 0.000000000 0.000000000 1.000000000 266
0.015916099 -0.999873331 -6152.185409190 0.999873331 0.015916099 2885.676765590 0.000000000 0.000000000 1.000000000 267
0.006908201 -0.999976138 -6195.682026460 0.999976138 0.006908201 2860.448205913 0.000000000 0.000000000 1.000000000 268
-0.002575173 -0.999996684 -6239.516930926 0.999996684 -0.002575173 2834.412191464 0.000000000 0.000000000 1.000000000 269
-0.011716170 -0.999931363 -6283.589531052 0.999931363 -0.011716170 2807.678848628 0.000000000 0.000000000 1.000000000 270
-0.021964013 -0.999758762 -6328.057622798 0.999758762 -0.021964013 2780.044147228 0.000000000 0.000000000 1.000000000 271
-0.031661574 -0.999498647 -6372.580230158 0.999498647 -0.031661574 2751.559037292 0.000000000 0.000000000 1.000000000 272
-0.041173178 -0.999152025 -6416.933158836 0.999152025 -0.041173178 2722.076650994 0.000000000 0.000000000 1.000000000 273
-0.051082730 -0.998694425 -6461.585070151 0.998694425 -0.051082730 2691.992749292 0.000000000 0.000000000 1.000000000 274
-0.061317442 -0.998118315 -6506.385868984 0.998118315 -0.061317442 2661.027691439 0.000000000 0.000000000 1.000000000 275
-0.071477208 -0.997442233 -6551.294883613 0.997442233 -0.071477208 2629.408034472 0.000000000 0.000000000 1.000000000 276
-0.081925581 -0.996638450 -6596.437610160 0.996638450 -0.081925581 2597.020622911 0.000000000 0.000000000 1.000000000 277
-0.092293662 -0.995731831 -6641.606657191 0.995731831 -0.092293662 2563.847678946 0.000000000 0.000000000 1.000000000 278
-0.102575047 -0.994725268 -6686.786509398 0.994725268 -0.102575047 2530.030668038 0.000000000 0.000000000 1.000000000 279
-0.112764055 -0.993621793 -6731.640259276 0.993621793 -0.112764055 2495.200838103 0.000000000 0.000000000 1.000000000 280
-0.123065802 -0.992398513 -6776.501169282 0.992398513 -0.123065802 2460.715695772 0.000000000 0.000000000 1.000000000 281
-0.132718919 -0.991153716 -6820.841462467 0.991153716 -0.132718919 2424.557327336 0.000000000 0.000000000 1.000000000 282
-0.142774372 -0.989755262 -6865.486675344 0.989755262 -0.142774372 2387.940616908 0.000000000 0.000000000 1.000000000 283
-0.152884154 -0.988244117 -6910.050414241 0.988244117 -0.152884154 2350.682473434 0.000000000 0.000000000 1.000000000 284
-0.163857075 -0.986484090 -6954.875018102 0.986484090 -0.163857075 2313.232684787 0.000000000 0.000000000 1.000000000 285
-0.174152001 -0.984718783 -6999.388320158 0.984718783 -0.174152001 2274.755242831 0.000000000 0.000000000 1.000000000 286
-0.184328739 -0.982864648 -7043.631260093 0.982864648 -0.184328739 2235.570849632 0.000000000 0.000000000 1.000000000 287
-0.195487079 -0.980706277 -7088.215720421 0.980706277 -0.195487079 2196.082018114 0.000000000 0.000000000 1.000000000 288
-0.206017449 -0.978548318 -7132.481290487 0.978548318 -0.206017449 2155.950157918 0.000000000 0.000000000 1.000000000 289
-0.216736679 -0.976230102 -7176.539648217 0.976230102 -0.216736679 2115.359320097 0.000000000 0.000000000 1.000000000 290
-0.227752465 -0.973719064 -7220.719973070 0.973719064 -0.227752465 2074.201739790 0.000000000 0.000000000 1.000000000 291
-0.238653757 -0.971104724 -7264.631574348 0.971104724 -0.238653757 2032.530146842 0.000000000 0.000000000 1.000000000 292
-0.249280365 -0.968431360 -7307.860780220 0.968431360 -0.249280365 1990.149950912 0.000000000 0.000000000 1.000000000 293
-0.259688056 -0.965692557 -7350.847923803 0.965692557 -0.259688056 1947.149475313 0.000000000 0.000000000 1.000000000 294
-0.270137088 -0.962821870 -7393.560973833 0.962821870 -0.270137088 1903.844008390 0.000000000 0.000000000 1.000000000 295
-0.281502423 -0.959560517 -7436.761999247 0.959560517 -0.281502423 1861.455330899 0.000000000 0.000000000 1.000000000 296
-0.292194713 -0.956358850 -7479.353548642 0.956358850 -0.292194713 1817.675336613 0.000000000 0.000000000 1.000000000 297
-0.302368129 -0.953191227 -7521.214475439 0.953191227 -0.302368129 1773.213712417 0.000000000 0.000000000 1.000000000 298
-0.312320548 -0.949976776 -7562.582536265 0.949976776 -0.312320548 1728.163567577 0.000000000 0.000000000 1.000000000 299
-0.323041151 -0.946384919 -7604.531931576 0.946384919 -0.323041151 1683.215450851 0.000000000 0.000000000 1.000000000 300
-0.333557905 -0.942729613 -7645.984890295 0.942729613 -0.333557905 1637.832614365 0.000000000 0.000000000 1.000000000 301
-0.344219232 -0.938889302 -7687.465923679 0.938889302 -0.344219232 1592.077770984 0.000000000 0.000000000 1.000000000 302
-0.354244975 -0.935152660 -7727.795945739 0.935152660 -0.354244975 1545.784499171 0.000000000 0.000000000 1.000000000 303
-0.364548623 -0.931184354 -7768.028193915 0.931184354 -0.364548623 1499.188527087 0.000000000 0.000000000 1.000000000 304
-0.375247010 -0.926924852 -7808.458023836 0.926924852 -0.375247010 1452.086704190 0.000000000 0.000000000 1.000000000 305
-0.386193458 -0.922417808 -7848.813015403 0.922417808 -0.386193458 1404.764657569 0.000000000 0.000000000 1.000000000 306
-0.397567650 -0.917572865 -7889.508413518 0.917572865 -0.397567650 1357.327315853 0.000000000 0.000000000 1.000000000 307
-0.407474276 -0.913216685 -7928.094460560 0.913216685 -0.407474276 1309.278515015 0.000000000 0.000000000 1.000000000 308
-0.418357319 -0.908282530 -7967.256700572 0.908282530 -0.418357319 1260.874955551 0.000000000 0.000000000 1.000000000 309
-0.429982638 -0.902837156 -8006.559178860 0.902837156 -0.429982638 1212.279182067 0.000000000 0.000000000 1.000000000 310
-0.439559709 -0.898213372 -8042.703972256 0.898213372 -0.439559709 1163.420071623 0.000000000 0.000000000 1.000000000 311
-0.450312165 -0.892871186 -8080.131193961 0.892871186 -0.450312165 1113.559889983 0.000000000 0.000000000 1.000000000 312
-0.461057510 -0.887370256 -8117.104908833 0.887370256 -0.461057510 1064.190116140 0.000000000 0.000000000 1.000000000 313
-0.470799145 -0.882240424 -8151.791642119 0.882240424 -0.470799145 1013.500106453 0.000000000 0.000000000 1.000000000 314
-0.481749762 -0.876308831 -8187.152706340 0.876308831 -0.481749762 962.742939058 0.000000000 0.000000000 1.000000000 315
-0.491964992 -0.870614982 -8221.353905519 0.870614982 -0.491964992 911.682956540 0.000000000 0.000000000 1.000000000 316
-0.501970358 -0.864884825 -8254.957852484 0.864884825 -0.501970358 860.628524149 0.000000000 0.000000000 1.000000000 317
-0.511067036 -0.859540857 -8287.130509261 0.859540857 -0.511067036 809.503340816 0.000000000 0.000000000 1.000000000 318
-0.520155104 -0.854071817 -8319.199456673 0.854071817 -0.520155104 759.440383549 0.000000000 0.000000000 1.000000000 319
-0.529343459 -0.848407627 -8350.346355872 0.848407627 -0.529343459 708.618083569 0.000000000 0.000000000 1.000000000 320
-0.538926974 -0.842352490 -8381.310355951 0.842352490 -0.538926974 657.651036529 0.000000000 0.000000000 1.000000000 321
-0.548117732 -0.836401191 -8411.665908521 0.836401191 -0.548117732 607.007860204 0.000000000 0.000000000 1.000000000 322
-0.558130516 -0.829753172 -8442.242687146 0.829753172 -0.558130516 556.912799825 0.000000000 0.000000000 1.000000000 323
-0.567479969 -0.823387202 -8471.530644104 0.823387202 -0.567479969 505.857523455 0.000000000 0.000000000 1.000000000 324
-0.577079716 -0.816687824 -8500.334631052 0.816687824 -0.577079716 454.829438867 0.000000000 0.000000000 1.000000000 325
-0.586451966 -0.809984007 -8528.404886209 0.809984007 -0.586451966 403.867390987 0.000000000 0.000000000 1.000000000 326
-0.595663807 -0.803233857 -8555.714323787 0.803233857 -0.595663807 353.177553584 0.000000000 0.000000000 1.000000000 327
-0.604863475 -0.796329189 -8581.903857127 0.796329189 -0.604863475 302.347161183 0.000000000 0.000000000 1.000000000 328
-0.613519678 -0.789679432 -8607.053834661 0.789679432 -0.613519678 251.662732587 0.000000000 0.000000000 1.000000000 329
-0.621953739 -0.783053987 -8631.394978348 0.783053987 -0.621953739 201.186235585 0.000000000 0.000000000 1.000000000 330
-0.629888443 -0.776685618 -8654.841945564 0.776685618 -0.629888443 150.945986803 0.000000000 0.000000000 1.000000000 331
-0.637849958 -0.770160653 -8677.569714467 0.770160653 -0.637849958 101.031954943 0.000000000 0.000000000 1.000000000 332
-0.645266416 -0.763957625 -8699.416713100 0.763957625 -0.645266416 51.222974226 0.000000000 0.000000000 1.000000000 333
-0.652955258 -0.757396482 -8720.865390649 0.757396482 -0.652955258 1.753148764 0.000000000 0.000000000 1.000000000 334
-0.660277625 -0.751021610 -8741.231656776 0.751021610 -0.660277625 -47.807417432 0.000000000 0.000000000 1.000000000 335
-0.667375720 -0.744721189 -8760.811222375 0.744721189 -0.667375720 -97.031549071 0.000000000 0.000000000 1.000000000 336
-0.674021650 -0.738711591 -8779.519331574 0.738711591 -0.674021650 -145.891813235 0.000000000 0.000000000 1.000000000 337
-0.680966176 -0.732314869 -8797.812952999 0.732314869 -0.680966176 -194.582135497 0.000000000 0.000000000 1.000000000 338
-0.687507743 -0.726177047 -8815.166175859 0.726177047 -0.687507743 -243.062389799 0.000000000 0.000000000 1.000000000 339
-0.694016755 -0.719958848 -8831.798350195 0.719958848 -0.694016755 -291.094959898 0.000000000 0.000000000 1.000000000 340
-0.700479642 -0.713672384 -8847.484083002 0.713672384 -0.700479642 -339.149373759 0.000000000 0.000000000 1.000000000 341
-0.706938850 -0.707274672 -8862.608425004 0.707274672 -0.706938850 -386.932479533 0.000000000 0.000000000 1.000000000 342
-0.712971354 -0.701193160 -8876.532049373 0.701193160 -0.712971354 -434.219666436 0.000000000 0.000000000 1.000000000 343
-0.718572152 -0.695452416 -8889.134092552 0.695452416 -0.718572152 -481.454194400 0.000000000 0.000000000 1.000000000 344
-0.724150598 -0.689641872 -8901.328128915 0.689641872 -0.724150598 -528.052364363 0.000000000 0.000000000 1.000000000 345
-0.729621066 -0.683851666 -8912.762431506 0.683851666 -0.729621066 -574.131348065 0.000000000 0.000000000 1.000000000 346
-0.734548970 -0.678555680 -8923.066315598 0.678555680 -0.734548970 -619.853543290 0.000000000 0.000000000 1.000000000 347
-0.739272919 -0.673405934 -8932.291144845 0.673405934 -0.739272919 -665.463109946 0.000000000 0.000000000 1.000000000 348
-0.744150219 -0.668012314 -8941.203871300 0.668012314 -0.744150219 -710.405904224 0.000000000 0.000000000 1.000000000 349
-0.748955029 -0.662620830 -8949.296786630 0.662620830 -0.748955029 -754.856941672 0.000000000 0.000000000 1.000000000 350
-0.753549764 -0.657390867 -8957.047268562 0.657390867 -0.753549764 -798.718010920 0.000000000 0.000000000 1.000000000 351
-0.757963375 -0.652297112 -8963.484952075 0.652297112 -0.757963375 -842.391734873 0.000000000 0.000000000 1.000000000 352
-0.762154055 -0.647395703 -8969.172691539 0.647395703 -0.762154055 -885.521944060 0.000000000 0.000000000 1.000000000 353
-0.766217599 -0.642581194 -8973.984477233 0.642581194 -0.766217599 -928.181281564 0.000000000 0.000000000 1.000000000 354
-0.769823645 -0.638256653 -8977.925767973 0.638256653 -0.769823645 -970.214198449 0.000000000 0.000000000 1.000000000 355
-0.772505453 -0.635008130 -8980.841813237 0.635008130 -0.772505453 -1011.804898859 0.000000000 0.000000000 1.000000000 356
-0.775716187 -0.631081926 -8983.262772228 0.631081926 -0.775716187 -1052.850514451 0.000000000 0.000000000 1.000000000 357
-0.778798295 -0.627274434 -8984.855302908 0.627274434 -0.778798295 -1093.394978729 0.000000000 0.000000000 1.000000000 358
-0.782406606 -0.622767936 -8985.686583918 0.622767936 -0.782406606 -1133.585971443 0.000000000 0.000000000 1.000000000 359
-0.786107039 -0.618090385 -8985.759776888 0.618090385 -0.786107039 -1173.204829688 0.000000000 0.000000000 1.000000000 360
-0.789953651 -0.613166559 -8984.234732385 0.613166559 -0.789953651 -1212.915303760 0.000000000 0.000000000 1.000000000 361
-0.794003282 -0.607913470 -8981.182418198 0.607913470 -0.794003282 -1253.268239620 0.000000000 0.000000000 1.000000000 362
-0.798357540 -0.602183724 -8975.375377105 0.602183724 -0.798357540 -1293.469729619 0.000000000 0.000000000 1.000000000 363
-0.803674594 -0.595069028 -8967.954713058 0.595069028 -0.803674594 -1334.417908549 0.000000000 0.000000000 1.000000000 364
-0.808273449 -0.588807296 -8958.486375884 0.588807296 -0.808273449 -1375.450111000 0.000000000 0.000000000 1.000000000 365
-0.813070728 -0.582164918 -8947.386248380 0.582164918 -0.813070728 -1416.693995728 0.000000000 0.000000000 1.000000000 366
-0.818691621 -0.574233428 -8934.471562026 0.574233428 -0.818691621 -1458.394166629 0.000000000 0.000000000 1.000000000 367
-0.823894238 -0.566743580 -8919.827771248 0.566743580 -0.823894238 -1500.335245729 0.000000000 0.000000000 1.000000000 368
-0.829646913 -0.558288456 -8903.771146614 0.558288456 -0.829646913 -1542.404440628 0.000000000 0.000000000 1.000000000 369
-0.834876437 -0.550437403 -8886.282305092 0.550437403 -0.834876437 -1584.962372790 0.000000000 0.000000000 1.000000000 370
-0.840206065 -0.542267248 -8867.476596400 0.542267248 -0.840206065 -1627.882879975 0.000000000 0.000000000 1.000000000 371
-0.845763097 -0.533558604 -8847.317635597 0.533558604 -0.845763097 -1671.086717193 0.000000000 0.000000000 1.000000000 372
-0.851211911 -0.524822143 -8825.609506057 0.524822143 -0.851211911 -1714.692530231 0.000000000 0.000000000 1.000000000 373
-0.856718172 -0.515784813 -8802.506414643 0.515784813 -0.856718172 -1758.566182129 0.000000000 0.000000000 1.000000000 374
-0.862319260 -0.506364981 -8778.352851534 0.506364981 -0.862319260 -1802.528932181 0.000000000 0.000000000 1.000000000 375
-0.868186110 -0.496238731 -8753.268925882 0.496238731 -0.868186110 -1846.859099666 0.000000000 0.000000000 1.000000000 376
-0.873830708 -0.486230289 -8726.772382476 0.486230289 -0.873830708 -1891.436469201 0.000000000 0.000000000 1.000000000 377
-0.879281764 -0.476301984 -8698.964773601 0.476301984 -0.879281764 -1936.170466243 0.000000000 0.000000000 1.000000000 378
-0.884991487 -0.465607204 -8669.901089962 0.465607204 -0.884991487 -1981.180842033 0.000000000 0.000000000 1.000000000 379
-0.890585348 -0.454816159 -8639.708865713 0.454816159 -0.890585348 -2026.301671437 0.000000000 0.000000000 1.000000000 380
-0.895769402 -0.444519042 -8608.334438160 0.444519042 -0.895769402 -2071.644248826 0.000000000 0.000000000 1.000000000 381
-0.901408634 -0.432969370 -8575.960919092 0.432969370 -0.901408634 -2117.374871240 0.000000000 0.000000000 1.000000000 382
-0.906948819 -0.421240834 -8542.135545573 0.421240834 -0.906948819 -2163.162107172 0.000000000 0.000000000 1.000000000 383
-0.912345199 -0.409421835 -8506.971820178 0.409421835 -0.912345199 -2209.090029727 0.000000000 0.000000000 1.000000000 384
-0.917639070 -0.397414817 -8470.751709805 0.397414817 -0.917639070 -2255.026813873 0.000000000 0.000000000 1.000000000 385
-0.922849578 -0.385160560 -8433.169587866 0.385160560 -0.922849578 -2300.983971510 0.000000000 0.000000000 1.000000000 386
-0.928402407 -0.371576333 -8396.190432914 0.371576333 -0.928402407 -2347.618667394 0.000000000 0.000000000 1.000000000 387
-0.933675070 -0.358121299 -8357.893289873 0.358121299 -0.933675070 -2394.298543124 0.000000000 0.000000000 1.000000000 388
-0.938885111 -0.344230663 -8318.560425629 0.344230663 -0.938885111 -2441.279565149 0.000000000 0.000000000 1.000000000 389
-0.944251640 -0.329224605 -8279.412184422 0.329224605 -0.944251640 -2489.538398907 0.000000000 0.000000000 1.000000000 390
-0.949557501 -0.313592972 -8240.348782696 0.313592972 -0.949557501 -2537.555132132 0.000000000 0.000000000 1.000000000 391
-0.953843576 -0.300303899 -8196.440595762 0.300303899 -0.953843576 -2584.468457590 0.000000000 0.000000000 1.000000000 392
-0.958466987 -0.285203497 -8154.264453912 0.285203497 -0.958466987 -2631.968148428 0.000000000 0.000000000 1.000000000 393
-0.962392291 -0.271663540 -8109.225100929 0.271663540 -0.962392291 -2679.292140480 0.000000000 0.000000000 1.000000000 394
-0.966699285 -0.255915011 -8063.955752577 0.255915011 -0.966699285 -2727.228172227 0.000000000 0.000000000 1.000000000 395
-0.970691634 -0.240328424 -8019.396057742 0.240328424 -0.970691634 -2775.866066513 0.000000000 0.000000000 1.000000000 396
-0.974271433 -0.225377851 -7972.684766245 0.225377851 -0.974271433 -2824.305321859 0.000000000 0.000000000 1.000000000 397
-0.977363563 -0.211566692 -7922.596460529 0.211566692 -0.977363563 -2872.257506349 0.000000000 0.000000000 1.000000000 398
-0.980431204 -0.196862019 -7872.073814738 0.196862019 -0.980431204 -2920.476797334 0.000000000 0.000000000 1.000000000 399
-0.983307014 -0.181954161 -7820.910287905 0.181954161 -0.983307014 -2969.308113076 0.000000000 0.000000000 1.000000000 400
-0.986024836 -0.166598387 -7768.665875659 0.166598387 -0.986024836 -3018.475449975 0.000000000 0.000000000 1.000000000 401
-0.988500887 -0.151215070 -7714.992768623 0.151215070 -0.988500887 -3067.834034578 0.000000000 0.000000000 1.000000000 402
-0.990739867 -0.135773767 -7660.446290937 0.135773767 -0.990739867 -3117.554591165 0.000000000 0.000000000 1.000000000 403
-0.992774306 -0.119996570 -7605.511123484 0.119996570 -0.992774306 -3167.664836797 0.000000000 0.000000000 1.000000000 404
-0.994508651 -0.104654400 -7549.376551458 0.104654400 -0.994508651 -3217.440973606 0.000000000 0.000000000 1.000000000 405
-0.995990560 -0.089458397 -7490.737100681 0.089458397 -0.995990560 -3267.711946188 0.000000000 0.000000000 1.000000000 406
-0.997307714 -0.073330238 -7433.092309741 0.073330238 -0.997307714 -3321.384935092 0.000000000 0.000000000 1.000000000 407
-0.998363970 -0.057178528 -7371.805792149 0.057178528 -0.998363970 -3372.840288873 0.000000000 0.000000000 1.000000000 408
-0.999160820 -0.040959195 -7308.888378697 0.040959195 -0.999160820 -3424.348335805 0.000000000 0.000000000 1.000000000 409
-0.999679659 -0.025309663 -7244.658798066 0.025309663 -0.999679659 -3476.060592499 0.000000000 0.000000000 1.000000000 410
-0.999959758 -0.008971208 -7178.775315956 0.008971208 -0.999959758 -3527.772606249 0.000000000 0.000000000 1.000000000 411
-0.999971919 0.007494096 -7111.374215732 -0.007494096 -0.999971919 -3579.756845935 0.000000000 0.000000000 1.000000000 412
-0.999734067 0.023060692 -7042.555376385 -0.023060692 -0.999734067 -3631.709577326 0.000000000 0.000000000 1.000000000 413
-0.999195724 0.040098704 -6973.521020044 -0.040098704 -0.999195724 -3684.931926183 0.000000000 0.000000000 1.000000000 414
-0.998345505 0.057500025 -6903.596334212 -0.057500025 -0.998345505 -3738.635507205 0.000000000 0.000000000 1.000000000 415
-0.997194595 0.074852790 -6832.045876541 -0.074852790 -0.997194595 -3792.809834440 0.000000000 0.000000000 1.000000000 416
-0.995738936 0.092216980 -6759.431822204 -0.092216980 -0.995738936 -3847.116897585 0.000000000 0.000000000 1.000000000 417
-0.993904144 0.110247690 -6685.292474367 -0.110247690 -0.993904144 -3901.934365873 0.000000000 0.000000000 1.000000000 418
-0.991650785 0.128952394 -6609.193356799 -0.128952394 -0.991650785 -3956.628852815 0.000000000 0.000000000 1.000000000 419
-0.989161751 0.146829936 -6531.600064874 -0.146829936 -0.989161751 -4011.139059852 0.000000000 0.000000000 1.000000000 420
-0.986318981 0.164848016 -6453.342547734 -0.164848016 -0.986318981 -4065.999762160 0.000000000 0.000000000 1.000000000 421
-0.983059837 0.183284904 -6374.805070098 -0.183284904 -0.983059837 -4121.882135416 0.000000000 0.000000000 1.000000000 422
-0.979465107 0.201613751 -6294.769993931 -0.201613751 -0.979465107 -4177.878419230 0.000000000 0.000000000 1.000000000 423
-0.975203806 0.221308689 -6213.721454634 -0.221308689 -0.975203806 -4235.850217049 0.000000000 0.000000000 1.000000000 424
-0.970795840 0.239907143 -6130.004101385 -0.239907143 -0.970795840 -4292.615556034 0.000000000 0.000000000 1.000000000 425
-0.965796042 0.259302921 -6045.151529658 -0.259302921 -0.965796042 -4350.615603051 0.000000000 0.000000000 1.000000000 426
-0.961317340 0.275443227 -5957.905670127 -0.275443227 -0.961317340 -4407.237415153 0.000000000 0.000000000 1.000000000 427
-0.955993289 0.293388533 -5867.942936108 -0.293388533 -0.955993289 -4465.298426438 0.000000000 0.000000000 1.000000000 428
-0.950880388 0.309558538 -5776.022319092 -0.309558538 -0.950880388 -4521.931114035 0.000000000 0.000000000 1.000000000 429
-0.945373323 0.325989693 -5683.109842001 -0.325989693 -0.945373323 -4579.281825620 0.000000000 0.000000000 1.000000000 430
-0.939190882 0.343395525 -5587.943347274 -0.343395525 -0.939190882 -4637.907236094 0.000000000 0.000000000 1.000000000 431
-0.932477670 0.361227623 -5491.637482170 -0.361227623 -0.932477670 -4697.278558897 0.000000000 0.000000000 1.000000000 432
-0.925436016 0.378903919 -5393.473000129 -0.378903919 -0.925436016 -4757.015284561 0.000000000 0.000000000 1.000000000 433
-0.917689695 0.397297904 -5293.831906479 -0.397297904 -0.917689695 -4817.986212107 0.000000000 0.000000000 1.000000000 434
-0.909978299 0.414655875 -5191.769855540 -0.414655875 -0.909978299 -4878.805751529 0.000000000 0.000000000 1.000000000 435
-0.901675215 0.432413930 -5087.039771295 -0.432413930 -0.901675215 -4940.315119378 0.000000000 0.000000000 1.000000000 436
-0.893084778 0.449888407 -4981.013397508 -0.449888407 -0.893084778 -5002.057825968 0.000000000 0.000000000 1.000000000 437
-0.884181590 0.467143357 -4872.028577708 -0.467143357 -0.884181590 -5063.637399699 0.000000000 0.000000000 1.000000000 438
-0.875010516 0.484103911 -4761.724168343 -0.484103911 -0.875010516 -5125.864681799 0.000000000 0.000000000 1.000000000 439
-0.865347273 0.501172722 -4650.017683059 -0.501172722 -0.865347273 -5187.665977952 0.000000000 0.000000000 1.000000000 440
-0.855542304 0.517732910 -4536.032711715 -0.517732910 -0.855542304 -5250.981364371 0.000000000 0.000000000 1.000000000 441
-0.845519080 0.533945208 -4419.628116347 -0.533945208 -0.845519080 -5315.676803589 0.000000000 0.000000000 1.000000000 442
-0.838098768 0.545518519 -4304.443527719 -0.545518519 -0.838098768 -5378.383473711 0.000000000 0.000000000 1.000000000 443
-0.830046035 0.557694880 -4182.047087890 -0.557694880 -0.830046035 -5441.561928910 0.000000000 0.000000000 1.000000000 444
-0.822699052 0.568477149 -4060.529690409 -0.568477149 -0.822699052 -5502.467421501 0.000000000 0.000000000 1.000000000 445
-0.821461791 0.570263558 -3949.795263552 -0.570263558 -0.821461791 -5565.152549367 0.000000000 0.000000000 1.000000000 446
-0.818828196 0.574038661 -3838.155618843 -0.574038661 -0.818828196 -5632.891543583 0.000000000 0.000000000 1.000000000 447
-0.817022728 0.576605465 -3726.082562561 -0.576605465 -0.817022728 -5701.720664094 0.000000000 0.000000000 1.000000000 448
-0.821889224 0.569647349 -3618.086860750 -0.569647349 -0.821889224 -5772.530544847 0.000000000 0.000000000 1.000000000 449
